# sstrcUnit kernel=src/comparators/sstrc/sstrcKernel.H cr1=1 cr2=2 cr3=1 fr1Max=1.25 Cscale=1
# id S W rStar rTilde fRotation fr1 fScaled
couette_0 1 1 1 0 1 1 1
couette_1 3.7000000000000002 3.7000000000000002 1 0 1 1 1
couette_2 250 250 1 0 1 1 1
couette_3 2.3000000000000007 2.3000000000000003 1.0000000000000002 0 1 1 1
couette_4 0.80000000000000004 0.80000000000000004 1 0 1 1 1
rotshear_ro10_0 50 49.899999999999999 1.0020040080160322 -0.001 1.0060060006673468 1.0060060006673468 1.0060060006673468
rotshear_ro10_1 50 50.100000000000001 0.99800399201596801 0.001 0.99400599933398648 0.99400599933398648 0.99400599933398648
rotshear_ro10_2 2 1.8999999999999999 1.0526315789473684 -0.025000000000000001 1.1537608117373188 1.1537608117373188 1.1537608117373188
rotshear_ro10_3 2 2.1000000000000001 0.95238095238095233 0.025000000000000001 0.85373971566450213 0.85373971566450213 0.85373971566450213
rotshear_ro10_4 0.10500000000000001 0.0050000000000000044 20.999999999999982 -0.47619047619047628 5.7238668797671499 1.25 1.25
rotshear_ro10_5 0.095000000000000001 0.0050000000000000044 18.999999999999982 0.52631578947368429 -0.28192757329267826 0 0
rotshear_ro10_6 0.025000000000000001 0.075000000000000011 0.33333333333333331 2 -1.3258176636680326 0 0
rotshear_ro10_7 0.025000000000000001 0.125 0.20000000000000001 2 -1.2172117757786884 0 0
rotshear_ro10_8 2 1.8999999999999999 1.0526315789473684 -0.00092592592592592596 1.0550807174050671 1.0550807174050671 1.0550807174050671
rotshear_ro10_9 2 2.1000000000000001 0.95238095238095233 0.00092592592592592596 0.94760614685859479 0.94760614685859479 0.94760614685859479
rotshear_ro10_10 0.10500000000000001 0.0050000000000000044 20.999999999999982 -0.017636684303350979 2.9528061377094659 1.25 1.25
rotshear_ro50_0 50 49.5 1.0101010101010102 -0.0050000000000000001 1.0301500837922917 1.0301500837922917 1.0301500837922917
rotshear_ro50_1 50 50.5 0.99009900990099009 0.0050000000000000001 0.97014991704146225 0.97014991704146225 0.97014991704146225
rotshear_ro50_2 2 1.5 1.3333333333333333 -0.125 1.8456655157185469 1.25 1.25
rotshear_ro50_3 2 2.5 0.80000000000000004 0.125 0.34226015444113034 0.34226015444113034 0.34226015444113034
rotshear_ro50_4 0.52500000000000002 0.025000000000000022 20.999999999999982 -0.47619047619047622 5.7238668797671499 1.25 1.25
rotshear_ro50_5 0.47499999999999998 0.025000000000000022 18.999999999999982 0.52631578947368418 -0.28192757329267781 0 0
rotshear_ro50_6 0.125 0.375 0.33333333333333331 2 -1.3258176636680326 0 0
rotshear_ro50_7 0.125 0.625 0.20000000000000001 2 -1.2172117757786884 0 0
rotshear_ro50_8 2 1.5 1.3333333333333333 -0.0046296296296296294 1.3068777020848525 1.25 1.25
rotshear_ro50_9 2 2.5 0.80000000000000004 0.0046296296296296294 0.7613173428228921 0.7613173428228921 0.7613173428228921
rotshear_ro50_10 0.52500000000000002 0.025000000000000022 20.999999999999982 -0.017636684303350973 2.9528061377094659 1.25 1.25
rotshear_gen_0 1.7 1.0770329614269007 1.5784103745049409 -0.16111801400655973 2.2119761655809476 1.25 1.25
rotshear_gen_1 0.90000000000000024 1.693716331542914 0.5313758763724814 0.26888491744788229 -0.29686140648682591 0 0
rotshear_gen_2 3.9999999999999996 4.159705007630663 0.96160665063082673 -0.00079402345821338427 0.96396912808944579 0.96396912808944579 0.96396912808944579
rotshear_gen_3 0.59999999999999998 0.78102496759066542 0.76822127959737585 0.06668587496504999 0.50742077981471678 0.50742077981471678 0.50742077981471678
solidbody_0 0 2 0 0 -1 0 0
solidbody_1 0 2 0 0 -1 0 0
solidbody_2 0 1.9798989873223334 0 0 -1 0 0
solidbody_3 0 1.9798989873223334 0 0 -1 0 0
azimuthal_0 1.4285714285714286 1.2 1.1904761904761905 0.91999999999999993 -1.1586391177780333 0 0
azimuthal_1 1.4285714285714288 1.2 1.1904761904761907 0.91999999999999971 -1.1586391177780333 0 0
azimuthal_2 1.4285714285714288 1.2 1.1904761904761907 0.92000000000000015 -1.1586391177780337 0 0
azimuthal_3 1.4285714285714284 1.2000000000000002 1.1904761904761902 0.034074074074074069 1.0259936001143446 1.0259936001143446 1.0259936001143446
azimuthal_4 0.69999999999999996 1.2 0.58333333333333337 1.3571428571428572 -1.3209771732159794 0 0
azimuthal_5 0.69999999999999996 1.2 0.58333333333333337 1.357142857142857 -1.3209771732159794 0 0
azimuthal_6 0.69999999999999996 1.2 0.58333333333333337 1.357142857142857 -1.3209771732159794 0 0
azimuthal_7 0.69999999999999984 1.1999999999999997 0.58333333333333337 0.050264550264550234 0.32603212455139108 0.32603212455139108 0.32603212455139108
azimuthal_8 0.2734375 1.2 0.22786458333333334 2.6942857142857144 -1.2875016551608589 0 0
azimuthal_9 0.2734375 1.2000000000000002 0.22786458333333329 2.6942857142857144 -1.2875016551608589 0 0
azimuthal_10 0.2734375 1.2 0.22786458333333334 2.6942857142857135 -1.2875016551608589 0 0
azimuthal_11 0.27343750000000044 1.1999999999999997 0.22786458333333376 0.099788359788359968 -0.40391513089390918 0 0
azimuthal_12 3.7499999999999991 0.79999999999999982 4.6875 -0.39333333333333337 4.4941466554824716 1.25 1.25
azimuthal_13 3.7499999999999991 0.79999999999999971 4.6875000000000009 -0.39333333333333331 4.4941466554824716 1.25 1.25
azimuthal_14 3.7499999999999996 0.80000000000000004 4.6874999999999991 -0.3933333333333332 4.4941466554824707 1.25 1.25
azimuthal_15 3.7499999999999991 0.79999999999999982 4.6875 -0.014567901234567898 2.392728227209572 1.25 1.25
azimuthal_16 1.4201183431952662 0.80000000000000004 1.7751479289940826 -0.21833333333333332 2.6120531532290716 1.25 1.25
azimuthal_17 1.4201183431952662 0.80000000000000004 1.7751479289940826 -0.21833333333333327 2.6120531532290707 1.25 1.25
azimuthal_18 1.4201183431952664 0.80000000000000004 1.775147928994083 -0.2183333333333333 2.6120531532290707 1.25 1.25
azimuthal_19 1.420118343195266 0.80000000000000027 1.7751479289940819 -0.0080864197530864153 1.6000121867824575 1.25 1.25
azimuthal_20 15.56097560975612 16.439024390243922 0.9465875370919884 0.028213166144200476 0.83548211691430851 0.83548211691430851 0.83548211691430851
azimuthal_21 15.56097560975612 16.439024390243922 0.9465875370919884 0.028213166144200476 0.83548211691430851 0.83548211691430851 0.83548211691430851
azimuthal_22 15.560975609756122 16.439024390243922 0.94658753709198851 0.028213166144200469 0.83548211691430874 0.83548211691430874 0.83548211691430874
azimuthal_23 15.56097560975612 16.439024390243922 0.9465875370919884 0.0010449320794148325 0.94105691648715584 0.94105691648715584 0.94105691648715584
azimuthal_24 7.0232558139534991 8.9767441860465222 0.7823834196891194 0.13907284768211894 0.27948202979828318 0.27948202979828318 0.27948202979828318
azimuthal_25 7.0232558139534991 8.9767441860465222 0.7823834196891194 0.13907284768211894 0.27948202979828318 0.27948202979828318 0.27948202979828318
azimuthal_26 7.0232558139535008 8.9767441860465222 0.78238341968911962 0.13907284768211889 0.27948202979828363 0.27948202979828363 0.27948202979828363
azimuthal_27 7.0232558139535008 8.976744186046524 0.78238341968911951 0.0051508462104488508 0.73772673800755273 0.73772673800755273 0.73772673800755273
azimuthal_28 6.978494623655922 5.021505376344094 1.389721627408993 -0.14021571648690276 1.9621586491919727 1.25 1.25
azimuthal_29 6.978494623655922 5.021505376344094 1.389721627408993 -0.14021571648690273 1.9621586491919727 1.25 1.25
azimuthal_30 6.9784946236559211 5.021505376344094 1.3897216274089927 -0.14021571648690273 1.9621586491919727 1.25 1.25
azimuthal_31 6.978494623655922 5.0215053763440949 1.3897216274089927 -0.0051931746847001014 1.3503243669097125 1.25 1.25
azimuthal_32 14.525773195876285 13.474226804123708 1.0780413159908186 -0.036195883605393941 1.2250697774037702 1.2250697774037702 1.2250697774037702
azimuthal_33 14.525773195876285 13.474226804123706 1.0780413159908189 -0.036195883605393941 1.2250697774037702 1.2250697774037702 1.2250697774037702
azimuthal_34 14.525773195876287 13.474226804123708 1.0780413159908189 -0.036195883605393928 1.2250697774037702 1.2250697774037702 1.2250697774037702
azimuthal_35 14.525773195876283 13.474226804123706 1.0780413159908186 -0.0013405882816812573 1.0806741807442859 1.0806741807442859 1.0806741807442859
general3d_0 2.080147683788605 3.1113180123850288 0.66857443549913298 0.0071444541883181108 0.5798441417176885 0.5798441417176885 0.5798441417176885
general3d_1 6.9547084813668443 6.2235865479028982 1.1174759807446246 -0.033816149891097103 1.2535103938354348 1.25 1.25
general3d_2 6.1423645840551755 2.4579853225105861 2.4989427429865061 0.037494342407388408 1.6429702427153079 1.25 1.25
general3d_3 1.9077306125268592 3.0390777259147019 0.62773340617758311 0.029076763531271924 0.45298870239758449 0.45298870239758449 0.45298870239758449
general3d_4 8.4878579164657459 2.5662596988757516 3.3074820604415747 -0.0087591651357146732 2.1251832510466868 1.25 1.25
general3d_5 5.8585301409743353 2.6732058114187831 2.1915746688673274 -0.0099936330229456506 1.8015918850254913 1.25 1.25
