# SST-RC manufactured states (Smirnov & Menter 2009 Eqs. (1),(4)-(11)); generated by src/comparators/sstrc_reference/analytic_cases.py
# columns: id A11 A12 A13 A21 A22 A23 A31 A32 A33 D11 D12 D13 D22 D23 D33 Om1 Om2 Om3 omega
# A_ij = du_i/dx_j of the velocity relative to the frame (row i, column j); D_ij = DS_ij/Dt relative frame, steady, WITHOUT frame terms; Om = frame angular velocity Omega^rot; omega = SST omega
couette_0 0 1 0 0 0 0 0 0 0 0 0 0 0 0 0 0 0 0 1.6666666666666667
couette_1 0 -3.7000000000000002 0 0 0 0 0 0 0 0 0 0 0 0 0 0 0 0 6.166666666666667
couette_2 0 250 0 0 0 0 0 0 0 0 0 0 0 0 0 0 0 0 2500
couette_3 0.44763689289287584 0.17905475715715047 0.80574640720717638 0.89527378578575167 0.35810951431430094 1.6114928144143528 -0.44763689289287584 -0.17905475715715047 -0.80574640720717638 0 0 0 0 0 0 0 0 0 3.833333333333333
couette_4 0 0 0 0 0 0 -0.56568542494923801 -0.56568542494923801 0 0 0 0 0 0 0 0 0 0 8
rotshear_ro10_0 0 50 0 0 0 0 0 0 0 0 0 0 0 0 0 0 0 0.050000000000000003 83.333333333333343
rotshear_ro10_1 0 -50 0 0 0 0 0 0 0 0 0 0 0 0 0 0 0 0.050000000000000003 83.333333333333343
rotshear_ro10_2 0 2 0 0 0 0 0 0 0 0 0 0 0 0 0 0 0 0.050000000000000003 3.3333333333333335
rotshear_ro10_3 0 -2 0 0 0 0 0 0 0 0 0 0 0 0 0 0 0 0.050000000000000003 3.3333333333333335
rotshear_ro10_4 0 0.10500000000000001 0 0 0 0 0 0 0 0 0 0 0 0 0 0 0 0.050000000000000003 0.17500000000000002
rotshear_ro10_5 0 0.095000000000000001 0 0 0 0 0 0 0 0 0 0 0 0 0 0 0 0.050000000000000003 0.15833333333333335
rotshear_ro10_6 0 0.025000000000000001 0 0 0 0 0 0 0 0 0 0 0 0 0 0 0 0.050000000000000003 0.041666666666666671
rotshear_ro10_7 0 -0.025000000000000001 0 0 0 0 0 0 0 0 0 0 0 0 0 0 0 0.050000000000000003 0.041666666666666671
rotshear_ro10_8 0 2 0 0 0 0 0 0 0 0 0 0 0 0 0 0 0 0.050000000000000003 20
rotshear_ro10_9 0 -2 0 0 0 0 0 0 0 0 0 0 0 0 0 0 0 0.050000000000000003 20
rotshear_ro10_10 0 0.10500000000000001 0 0 0 0 0 0 0 0 0 0 0 0 0 0 0 0.050000000000000003 1.05
rotshear_ro50_0 0 50 0 0 0 0 0 0 0 0 0 0 0 0 0 0 0 0.25 83.333333333333343
rotshear_ro50_1 0 -50 0 0 0 0 0 0 0 0 0 0 0 0 0 0 0 0.25 83.333333333333343
rotshear_ro50_2 0 2 0 0 0 0 0 0 0 0 0 0 0 0 0 0 0 0.25 3.3333333333333335
rotshear_ro50_3 0 -2 0 0 0 0 0 0 0 0 0 0 0 0 0 0 0 0.25 3.3333333333333335
rotshear_ro50_4 0 0.52500000000000002 0 0 0 0 0 0 0 0 0 0 0 0 0 0 0 0.25 0.87500000000000011
rotshear_ro50_5 0 0.47499999999999998 0 0 0 0 0 0 0 0 0 0 0 0 0 0 0 0.25 0.79166666666666663
rotshear_ro50_6 0 0.125 0 0 0 0 0 0 0 0 0 0 0 0 0 0 0 0.25 0.20833333333333334
rotshear_ro50_7 0 -0.125 0 0 0 0 0 0 0 0 0 0 0 0 0 0 0 0.25 0.20833333333333334
rotshear_ro50_8 0 2 0 0 0 0 0 0 0 0 0 0 0 0 0 0 0 0.25 20
rotshear_ro50_9 0 -2 0 0 0 0 0 0 0 0 0 0 0 0 0 0 0 0.25 20
rotshear_ro50_10 0 0.52500000000000002 0 0 0 0 0 0 0 0 0 0 0 0 0 0 0 0.25 5.25
rotshear_gen_0 0 1.7 0 0 0 0 0 0 0 0 0 0 0 0 0 0.29999999999999999 -0.20000000000000001 0.45000000000000001 2.8333333333333335
rotshear_gen_1 -0.17516226243634272 -0.070064904974537143 -0.31529207238541684 -0.35032452487268545 -0.14012980994907429 -0.63058414477083369 0.17516226243634272 0.070064904974537143 0.31529207238541684 0 0 0 0 0 0 0.29999999999999999 -0.20000000000000001 0.45000000000000001 1.5
rotshear_gen_2 0 0 0 2.8284271247461898 0 0 2.8284271247461898 0 0 0 0 0 0 0 0 -1.1000000000000001 0.69999999999999996 0.20000000000000001 40
rotshear_gen_3 0 0 0 0 0 0.59999999999999998 0 0 0 0 0 0 0 0 0 0 0 -0.25 1
solidbody_0 0 -1 0 1 0 0 0 0 0 0 0 0 0 0 0 0 0 0 3
solidbody_1 0 -0.59999999999999998 0 0.59999999999999998 0 0 0 0 0 0 0 0 0 0 0 0 0 0.40000000000000002 3
solidbody_2 0 -0.80000000000000004 -0.5 0.80000000000000004 0 -0.29999999999999999 0.5 0.29999999999999999 0 0 0 0 0 0 0 0 0 0 3
solidbody_3 0 -0.40000000000000002 -0.25 0.40000000000000002 0 -0.14999999999999999 0.25 0.14999999999999999 0 0 0 0 0 0 0 0.14999999999999999 -0.25 0.40000000000000002 3
azimuthal_0 0 -1.3142857142857143 0 -0.11428571428571432 0 0 0 0 0 1.8775510204081634 0 0 -1.8775510204081634 0 0 0 0 0 2.3809523809523809
azimuthal_1 -0.62255412315256298 -0.24981369904235756 0 0.95018630095764245 0.62255412315256298 0 0 0 0 -0.92048970537437436 -1.6364279808581657 0 0.92048970537437436 0 0 0 0 0 2.3809523809523809
azimuthal_2 -0.70389266427747166 -0.37140510207160082 0 0.12859489792839923 0.70389266427747166 0 0 0 0 0.23413841113808728 -1.3575072811065525 0 -0.23413841113808728 0 0 0 0 0.34999999999999998 2.3809523809523809
azimuthal_3 0.3682152655867601 -0.78793660473646632 0 2.0120633952635338 -0.3682152655867601 0 0 0 0 -2.5881537856858001 1.5570245516240144 0 2.5881537856858001 0 0 0 0 -0.80000000000000004 14.285714285714286
azimuthal_4 0 -0.94999999999999996 0 0.25 0 0 0 0 0 0.66499999999999992 0 0 -0.66499999999999992 0 0 0 0 0 1.1666666666666667
azimuthal_5 -0.30505152034475586 -0.42840871253075519 0 0.77159128746924477 0.30505152034475586 0 0 0 0 -0.32602344619156504 -0.57959788865503603 0 0.32602344619156504 0 0 0 0 0 1.1666666666666667
azimuthal_6 -0.34490740549596105 -0.30948850001508443 0 0.19051149998491562 0.34490740549596105 0 0 0 0 0.071386200018101267 -0.41388888659515327 0 -0.071386200018101267 0 0 0 0 0.34999999999999998 1.1666666666666667
azimuthal_7 0.18042548013751242 -1.1000889363208686 0 1.6999110636791315 -0.18042548013751242 0 0 0 0 -1.0496887228769602 0.63148918048129354 0 1.0496887228769602 0 0 0 0 -0.80000000000000004 7
azimuthal_8 0 -0.73671874999999998 0 0.46328124999999998 0 0 0 0 0 0.201446533203125 0 0 -0.201446533203125 0 0 0 0 0 0.45572916666666669
azimuthal_9 -0.11916075013467026 -0.53297215333232628 0 0.66702784666767378 0.11916075013467026 0 0 0 0 -0.098761342824400536 -0.17557591777655321 0 0.098761342824400536 0 0 0 0 0 0.45572916666666669
azimuthal_10 -0.13472945527185978 -0.27323769531839237 0 0.22676230468160768 0.13472945527185978 0 0 0 0 0.017972904972819077 -0.10420481306182906 0 -0.017972904972819077 0 0 0 0 0.34999999999999998 0.45572916666666669
azimuthal_11 0.070478703178715907 -1.2828472407503391 0 1.517152759249661 -0.070478703178715907 0 0 0 0 -0.36006168350637957 0.21661188930083455 0 0.36006168350637957 0 0 0 0 -0.80000000000000004 2.734375
azimuthal_12 0 -1.4749999999999996 0 -2.2749999999999995 0 0 0 0 0 5.5312499999999973 0 0 -5.5312499999999973 0 0 0 0 0 6.2499999999999991
azimuthal_13 -1.6342045732754775 1.319239040013811 0 0.51923904001381127 1.6342045732754775 0 0 0 0 -2.7117551680407419 -4.8209034911626576 0 2.7117551680407419 0 0 0 0 0 6.2499999999999991
azimuthal_14 -1.8477182437283626 0.43131160706204796 0 -1.068688392937952 1.8477182437283626 0 0 0 0 0.7170488841103918 -4.1573660483888144 0 -0.7170488841103918 0 0 0 0 0.34999999999999998 6.2499999999999991
azimuthal_15 0.96656507216524501 1.2066664125667756 0 2.0066664125667759 -0.96656507216524501 0 0 0 0 -7.3103321771788288 4.397871078351864 0 7.3103321771788288 0 0 0 0 -0.80000000000000004 37.499999999999993
azimuthal_16 0 -0.31005917159763308 0 -1.1100591715976331 0 0 0 0 0 0.44032071706172743 0 0 -0.44032071706172743 0 0 0 0 0 2.3668639053254439
azimuthal_17 -0.61887037094455954 0.7481141926679522 0 -0.051885807332047812 0.61887037094455954 0 0 0 0 -0.21587199640000818 -0.38377286908278008 0 0.21587199640000818 0 0 0 0 0 2.3668639053254439
azimuthal_18 -0.69972761892671731 0.62931327131343828 0 -0.87068672868656183 0.69972761892671731 0 0 0 0 -0.0096406558418259472 0.055895401511897591 0 0.0096406558418259472 0 0 0 0 0.34999999999999998 2.3668639053254439
azimuthal_19 0.36603647703299225 0.20844171836848324 0 1.0084417183684831 -0.36603647703299225 0 0 0 0 -1.3508126197151176 0.81264429693951867 0 1.3508126197151176 0 0 0 0 -0.80000000000000004 14.201183431952662
azimuthal_20 0 -0.43902439024390078 0 16.000000000000021 0 0 0 0 0 -6.8316478286733924 0 0 6.8316478286733924 0 0 0 0 0 25.934959349593534
azimuthal_21 6.7812846682910983 -12.033980536772773 0 4.405043853471148 -6.7812846682910983 0 0 0 0 3.3492892755958228 5.9542987331336246 0 -3.3492892755958228 0 0 0 0 0 25.934959349593534
azimuthal_22 7.6672796064955921 -6.5470849125566684 0 9.1919394776872547 -7.6672796064955921 0 0 0 0 -0.23545656494454767 1.3651497835955311 0 0.23545656494454767 0 0 0 0 0.34999999999999998 25.934959349593534
azimuthal_23 -4.0108521368548127 -15.68652469084622 0 2.3524996993977032 4.0108521368548127 0 0 0 0 16.521182184526435 -9.9390872464499616 0 -16.521182184526435 0 0 0 0 -0.80000000000000004 155.60975609756122
azimuthal_24 0 -0.97674418604651125 0 8.0000000000000107 0 0 0 0 0 -6.8599242833964382 0 0 6.8599242833964382 0 0 0 0 0 11.705426356589166
azimuthal_25 3.0606498054523725 -6.2099856749406035 0 2.7667585111059187 -3.0606498054523725 0 0 0 0 3.3631521135129465 5.9789438059999815 0 -3.3631521135129465 0 0 0 0 0 11.705426356589166
azimuthal_26 3.46053277275018 -3.5415107307456695 0 4.7352334553008539 -3.46053277275018 0 0 0 0 -0.74815877736656244 4.3377375918891765 0 0.74815877736656244 0 0 0 0 0.34999999999999998 11.705426356589166
azimuthal_27 -1.8102490033730518 -8.2974465525281751 0 2.2792976335183481 1.8102490033730518 0 0 0 0 10.692711102612805 -6.432698784079121 0 -10.692711102612805 0 0 0 0 -0.80000000000000004 70.232558139534987
azimuthal_28 0 -0.97849462365591378 0 -6.000000000000008 0 0 0 0 0 6.8284194704590186 0 0 -6.8284194704590186 0 0 0 0 0 11.63082437275987
azimuthal_29 -3.0411434209484911 4.2213939411296506 0 -0.80011143521444361 3.0411434209484911 0 0 0 0 -3.347706538046062 -5.9514849743293041 0 3.347706538046062 0 0 0 0 0 11.63082437275987
azimuthal_30 -3.4384778213038243 2.2676952917083018 0 -3.453810084635792 3.4384778213038243 0 0 0 0 0.74546677039367504 -4.3221296484991063 0 -0.74546677039367504 0 0 0 0 0.34999999999999998 11.63082437275987
azimuthal_31 1.79871177587167 4.7006494674002592 0 1.2791440910561649 -1.79871177587167 0 0 0 0 -10.635030694287016 6.3979984457886925 0 10.635030694287016 0 0 0 0 -0.80000000000000004 69.784946236559222
azimuthal_32 0 -0.52577319587628912 0 -13.999999999999996 0 0 0 0 0 7.6372621957700124 0 0 -7.6372621957700124 0 0 0 0 0 24.209621993127143
azimuthal_33 -6.3301559965502339 10.297822150871365 0 -3.1764046532523418 6.3301559965502339 0 0 0 0 -3.7442504368924796 -6.6564526974033456 0 3.7442504368924796 0 0 0 0 0 24.209621993127143
azimuthal_34 -7.1572096368749492 5.8526613178018554 0 -8.3215654863218518 7.1572096368749492 0 0 0 0 0.43396717601305218 -2.5160912228601697 0 -0.43396717601305218 0 0 0 0 0.34999999999999998 24.209621993127143
azimuthal_35 3.7440280046208394 12.160599244829102 0 0.28637244070539647 -3.7440280046208394 0 0 0 0 -16.501861430512758 9.9274639462729919 0 16.501861430512758 0 0 0 0 -0.80000000000000004 145.25773195876286
general3d_0 0.56484904386435164 -0.17828622080130729 1.433108099046315 -1.3992469136626584 -0.50545089402494581 -1.1459508660291766 -0.89302391023322469 0.52098183689682565 -0.059398149839405723 -0.20628226034317579 0.85738846321481543 -0.609461050701811 0.3746444196873972 -0.53532907127143425 -0.16836215934422138 0 0 0 1.9566160819266165
general3d_1 0.2393510010823304 -2.9872023677431221 3.2868220063667959 -1.6244584812256975 -0.6450997945589213 -4.4661632516102028 0.18260201244584839 0.7530107106503704 0.4057487934765911 -2.9672339376962786 1.3397656099836892 4.5346425970461421 1.6884366132560464 5.3807867012260431 1.2787973244402313 0 0 0 6.6055816633855766
general3d_2 0.94675040614234207 -1.5390198563037389 0.95861049426985812 -2.3408973601568941 -0.91885553251950092 -2.8006007517436124 -0.40341383542780807 -1.5449512105029179 -0.027894873622840786 -0.022328122422393543 0.36179659108913853 0.18490731081177247 0.0014803832198655997 1.8886299514976499 0.020847739202527887 0.10706610244801822 0.031624274699369563 -0.27914041341246137 4.1354764198720355
general3d_3 0.4526806126340685 -0.19824987526711924 1.7682803222593801 -1.2395856220177544 -0.43919948346178728 -1.145276667210277 -0.89590186750215017 1.0226974028470801 -0.013481129172281045 -0.31258591898488403 1.2593871605700397 -0.73633794552746212 0.52303968533402212 -0.21716415618701013 -0.21045376634913804 -0.57036682194025323 -0.38686132193549283 -0.55252051133751967 1.4496538640911873
general3d_4 0.51790241176812568 -2.3325073437991537 0.18330532593507787 -1.4674253282277714 -0.58294459496351814 -4.4622891772571425 0.77741140878005144 -2.9846371326237588 0.065042183195392636 1.3209977031103217 0.21547706853201243 -0.20391862573937836 -1.1074797565776928 7.6395537202247414 -0.21351794653262901 -0.056079283388986316 -0.75502791324615393 -0.16160786875399097 5.107964785029881
general3d_5 0.41041511542342402 -1.8634448616283299 1.314320303545083 -1.3792460063782155 -0.53203213068298882 -3.5347890875692309 0.19806818503333645 -1.0025486230240315 0.12161701525956507 -0.35437643273773622 0.15344780510181355 1.2581803852112978 0.040060801459458006 3.4374981992997395 0.314315631278278 0.044036079212111848 -0.29355572341699182 -0.24265117182767976 1.7647324470985624
