# SST-RC expected values: reference.py (ref_*) and hand-derived closed forms (cf_*; nan where none); generated by analytic_cases.py
# id family ref_S ref_W ref_rStar ref_rTilde ref_fRotation ref_fr1 cf_S cf_W cf_rStar cf_rTilde cf_fRotation cf_fr1
couette_0 couette 1 1 1 0 1 1 1 1 1 0 1 1
couette_1 couette 3.7000000000000002 3.7000000000000002 1 0 1 1 3.7000000000000002 3.7000000000000002 1 0 1 1
couette_2 couette 250 250 1 0 1 1 250 250 1 0 1 1
couette_3 couette 2.3000000000000003 2.3000000000000003 1 0 1 1 2.2999999999999998 2.2999999999999998 1 0 1 1
couette_4 couette 0.80000000000000004 0.80000000000000004 1 0 1 1 0.80000000000000004 0.80000000000000004 1 0 1 1
rotshear_ro10_0 rotshear 50 49.899999999999999 1.0020040080160322 -0.001 1.0060060006673472 1.0060060006673472 50 49.899999999999999 1.0020040080160322 -0.001 1.0060060006673472 1.0060060006673472
rotshear_ro10_1 rotshear 50 50.100000000000001 0.99800399201596801 0.001 0.99400599933398626 0.99400599933398626 50 50.100000000000001 0.99800399201596801 0.001 0.99400599933398626 0.99400599933398626
rotshear_ro10_2 rotshear 2 1.8999999999999999 1.0526315789473684 -0.025000000000000001 1.1537608117373188 1.1537608117373188 2 1.8999999999999999 1.0526315789473684 -0.025000000000000001 1.1537608117373188 1.1537608117373188
rotshear_ro10_3 rotshear 2 2.1000000000000001 0.95238095238095233 0.025000000000000001 0.85373971566450191 0.85373971566450191 2 2.1000000000000001 0.95238095238095233 0.025000000000000001 0.85373971566450191 0.85373971566450191
rotshear_ro10_4 rotshear 0.10500000000000001 0.0050000000000000044 20.999999999999982 -0.47619047619047628 5.7238668797671499 1.25 0.10500000000000001 0.0050000000000000044 20.999999999999982 -0.47619047619047616 5.7238668797671499 1.25
rotshear_ro10_5 rotshear 0.095000000000000001 0.0050000000000000044 18.999999999999982 0.52631578947368429 -0.28192757329267826 0 0.095000000000000001 0.0050000000000000044 18.999999999999982 0.52631578947368418 -0.28192757329267781 0
rotshear_ro10_6 rotshear 0.025000000000000001 0.075000000000000011 0.33333333333333331 2 -1.3258176636680326 0 0.025000000000000001 0.075000000000000011 0.33333333333333331 2 -1.3258176636680326 0
rotshear_ro10_7 rotshear 0.025000000000000001 0.125 0.20000000000000001 2 -1.2172117757786884 0 0.025000000000000001 0.125 0.20000000000000001 2.0000000000000004 -1.2172117757786884 0
rotshear_ro10_8 rotshear 2 1.8999999999999999 1.0526315789473684 -0.00092592592592592596 1.0550807174050671 1.0550807174050671 2 1.8999999999999999 1.0526315789473684 -0.00092592592592592596 1.0550807174050671 1.0550807174050671
rotshear_ro10_9 rotshear 2 2.1000000000000001 0.95238095238095233 0.00092592592592592596 0.94760614685859457 0.94760614685859457 2 2.1000000000000001 0.95238095238095233 0.00092592592592592596 0.94760614685859457 0.94760614685859457
rotshear_ro10_10 rotshear 0.10500000000000001 0.0050000000000000044 20.999999999999982 -0.017636684303350976 2.9528061377094659 1.25 0.10500000000000001 0.0050000000000000044 20.999999999999982 -0.017636684303350973 2.9528061377094659 1.25
rotshear_ro50_0 rotshear 50 49.5 1.0101010101010102 -0.0050000000000000001 1.0301500837922917 1.0301500837922917 50 49.5 1.0101010101010102 -0.0050000000000000001 1.0301500837922917 1.0301500837922917
rotshear_ro50_1 rotshear 50 50.5 0.99009900990099009 0.0050000000000000001 0.97014991704146225 0.97014991704146225 50 50.5 0.99009900990099009 0.0050000000000000001 0.97014991704146225 0.97014991704146225
rotshear_ro50_2 rotshear 2 1.5 1.3333333333333333 -0.125 1.8456655157185473 1.25 2 1.5 1.3333333333333333 -0.125 1.8456655157185473 1.25
rotshear_ro50_3 rotshear 2 2.5 0.80000000000000004 0.125 0.34226015444113056 0.34226015444113056 2 2.5 0.80000000000000004 0.125 0.34226015444113056 0.34226015444113056
rotshear_ro50_4 rotshear 0.52500000000000002 0.025000000000000022 20.999999999999982 -0.47619047619047616 5.7238668797671499 1.25 0.52500000000000002 0.025000000000000022 20.999999999999982 -0.47619047619047616 5.7238668797671499 1.25
rotshear_ro50_5 rotshear 0.47499999999999998 0.025000000000000022 18.999999999999982 0.52631578947368429 -0.28192757329267826 0 0.47499999999999998 0.025000000000000022 18.999999999999982 0.52631578947368429 -0.28192757329267826 0
rotshear_ro50_6 rotshear 0.125 0.375 0.33333333333333331 2 -1.3258176636680326 0 0.125 0.375 0.33333333333333331 2 -1.3258176636680326 0
rotshear_ro50_7 rotshear 0.125 0.625 0.20000000000000001 2 -1.2172117757786884 0 0.125 0.625 0.20000000000000001 2 -1.2172117757786884 0
rotshear_ro50_8 rotshear 2 1.5 1.3333333333333333 -0.0046296296296296294 1.306877702084853 1.25 2 1.5 1.3333333333333333 -0.0046296296296296294 1.306877702084853 1.25
rotshear_ro50_9 rotshear 2 2.5 0.80000000000000004 0.0046296296296296294 0.76131734282289232 0.76131734282289232 2 2.5 0.80000000000000004 0.0046296296296296294 0.76131734282289232 0.76131734282289232
rotshear_ro50_10 rotshear 0.52500000000000002 0.025000000000000022 20.999999999999982 -0.017636684303350973 2.9528061377094659 1.25 0.52500000000000002 0.025000000000000022 20.999999999999982 -0.017636684303350973 2.9528061377094659 1.25
rotshear_gen_0 rotshear 1.7 1.0770329614269007 1.5784103745049409 -0.16111801400655973 2.211976165580948 1.25 1.7 1.0770329614269007 1.5784103745049409 -0.16111801400655967 2.211976165580948 1.25
rotshear_gen_1 rotshear 0.90000000000000013 1.693716331542914 0.5313758763724814 0.26888491744788234 -0.29686140648682624 0 0.90000000000000002 1.6937163315429138 0.5313758763724814 0.2688849174478824 -0.29686140648682635 0
rotshear_gen_2 rotshear 3.9999999999999996 4.159705007630663 0.96160665063082673 -0.00079402345821338427 0.96396912808944579 0.96396912808944579 4 4.1597050076306639 0.96160665063082673 -0.0007940234582133847 0.96396912808944579 0.96396912808944579
rotshear_gen_3 rotshear 0.59999999999999998 0.78102496759066542 0.76822127959737585 0.066685874965050004 0.50742077981471678 0.50742077981471678 0.59999999999999998 0.78102496759066542 0.76822127959737585 0.066685874965050004 0.50742077981471678 0.50742077981471678
solidbody_0 solidbody 0 2 0 0 -1 0 0 2 0 0 -1 0
solidbody_1 solidbody 0 2 0 0 -1 0 0 2 0 0 -1 0
solidbody_2 solidbody 0 1.9798989873223332 0 0 -1 0 0 1.9798989873223332 0 0 -1 0
solidbody_3 solidbody 0 1.9798989873223332 0 0 -1 0 0 1.9798989873223332 0 0 -1 0
azimuthal_0 azimuthal 1.4285714285714286 1.2 1.1904761904761905 0.91999999999999982 -1.1586391177780333 0 1.4285714285714286 1.2 1.1904761904761905 0.91999999999999993 -1.1586391177780333 0
azimuthal_1 azimuthal 1.4285714285714286 1.2 1.1904761904761905 0.91999999999999993 -1.1586391177780333 0 1.4285714285714286 1.2 1.1904761904761905 0.91999999999999993 -1.1586391177780333 0
azimuthal_2 azimuthal 1.4285714285714288 1.2 1.1904761904761907 0.92000000000000004 -1.1586391177780337 0 1.4285714285714286 1.2 1.1904761904761905 0.91999999999999993 -1.1586391177780333 0
azimuthal_3 azimuthal 1.4285714285714284 1.2000000000000002 1.1904761904761902 0.034074074074074069 1.0259936001143446 1.0259936001143446 1.4285714285714286 1.2 1.1904761904761905 0.034074074074074083 1.0259936001143446 1.0259936001143446
azimuthal_4 azimuthal 0.69999999999999996 1.2 0.58333333333333337 1.3571428571428572 -1.3209771732159794 0 0.69999999999999996 1.2 0.58333333333333337 1.3571428571428572 -1.3209771732159794 0
azimuthal_5 azimuthal 0.69999999999999996 1.2 0.58333333333333337 1.3571428571428572 -1.3209771732159794 0 0.69999999999999996 1.2 0.58333333333333337 1.3571428571428572 -1.3209771732159794 0
azimuthal_6 azimuthal 0.69999999999999996 1.2 0.58333333333333337 1.3571428571428572 -1.3209771732159794 0 0.69999999999999996 1.2 0.58333333333333337 1.3571428571428572 -1.3209771732159794 0
azimuthal_7 azimuthal 0.69999999999999984 1.1999999999999997 0.58333333333333337 0.050264550264550234 0.32603212455139086 0.32603212455139086 0.69999999999999996 1.2 0.58333333333333337 0.050264550264550248 0.32603212455139086 0.32603212455139086
azimuthal_8 azimuthal 0.2734375 1.2 0.22786458333333334 2.6942857142857144 -1.2875016551608589 0 0.2734375 1.2 0.22786458333333334 2.6942857142857144 -1.2875016551608589 0
azimuthal_9 azimuthal 0.2734375 1.2000000000000002 0.22786458333333329 2.6942857142857144 -1.2875016551608589 0 0.2734375 1.2 0.22786458333333334 2.6942857142857144 -1.2875016551608589 0
azimuthal_10 azimuthal 0.2734375 1.2 0.22786458333333334 2.6942857142857135 -1.2875016551608589 0 0.2734375 1.2 0.22786458333333334 2.6942857142857144 -1.2875016551608589 0
azimuthal_11 azimuthal 0.27343750000000044 1.1999999999999997 0.22786458333333376 0.099788359788359954 -0.40391513089390918 0 0.2734375 1.2 0.22786458333333334 0.099788359788359787 -0.40391513089390974 0
azimuthal_12 azimuthal 3.7499999999999991 0.79999999999999982 4.6875 -0.39333333333333331 4.4941466554824716 1.25 3.7499999999999991 0.79999999999999982 4.6875 -0.39333333333333326 4.4941466554824716 1.25
azimuthal_13 azimuthal 3.7499999999999991 0.79999999999999971 4.6875000000000009 -0.39333333333333331 4.4941466554824725 1.25 3.7499999999999991 0.79999999999999982 4.6875 -0.39333333333333326 4.4941466554824716 1.25
azimuthal_14 azimuthal 3.7499999999999996 0.80000000000000004 4.6874999999999991 -0.3933333333333332 4.4941466554824707 1.25 3.7499999999999991 0.79999999999999982 4.6875 -0.39333333333333326 4.4941466554824716 1.25
azimuthal_15 azimuthal 3.7499999999999991 0.79999999999999982 4.6875 -0.014567901234567898 2.392728227209572 1.25 3.7499999999999991 0.79999999999999982 4.6875 -0.014567901234567898 2.392728227209572 1.25
azimuthal_16 azimuthal 1.4201183431952662 0.80000000000000004 1.7751479289940826 -0.21833333333333332 2.6120531532290707 1.25 1.4201183431952662 0.80000000000000004 1.7751479289940826 -0.21833333333333327 2.6120531532290703 1.25
azimuthal_17 azimuthal 1.420118343195266 0.80000000000000004 1.7751479289940824 -0.21833333333333341 2.6120531532290716 1.25 1.4201183431952662 0.80000000000000004 1.7751479289940826 -0.21833333333333327 2.6120531532290703 1.25
azimuthal_18 azimuthal 1.4201183431952664 0.80000000000000004 1.775147928994083 -0.2183333333333333 2.6120531532290707 1.25 1.4201183431952662 0.80000000000000004 1.7751479289940826 -0.21833333333333327 2.6120531532290703 1.25
azimuthal_19 azimuthal 1.420118343195266 0.80000000000000027 1.7751479289940819 -0.0080864197530864171 1.600012186782457 1.25 1.4201183431952662 0.80000000000000004 1.7751479289940826 -0.0080864197530864188 1.6000121867824575 1.25
azimuthal_20 azimuthal 15.56097560975612 16.439024390243922 0.9465875370919884 0.028213166144200479 0.83548211691430874 0.83548211691430874 15.56097560975612 16.439024390243922 0.9465875370919884 0.028213166144200479 0.83548211691430874 0.83548211691430874
azimuthal_21 azimuthal 15.56097560975612 16.439024390243922 0.9465875370919884 0.028213166144200479 0.83548211691430874 0.83548211691430874 15.56097560975612 16.439024390243922 0.9465875370919884 0.028213166144200479 0.83548211691430874 0.83548211691430874
azimuthal_22 azimuthal 15.560975609756122 16.439024390243922 0.94658753709198851 0.028213166144200472 0.83548211691430874 0.83548211691430874 15.56097560975612 16.439024390243922 0.9465875370919884 0.028213166144200479 0.83548211691430874 0.83548211691430874
azimuthal_23 azimuthal 15.56097560975612 16.439024390243922 0.9465875370919884 0.0010449320794148325 0.94105691648715606 0.94105691648715606 15.56097560975612 16.439024390243922 0.9465875370919884 0.0010449320794148327 0.94105691648715606 0.94105691648715606
azimuthal_24 azimuthal 7.0232558139534991 8.9767441860465222 0.7823834196891194 0.13907284768211894 0.27948202979828318 0.27948202979828318 7.0232558139534991 8.9767441860465222 0.7823834196891194 0.13907284768211894 0.27948202979828318 0.27948202979828318
azimuthal_25 azimuthal 7.0232558139534991 8.9767441860465222 0.7823834196891194 0.13907284768211894 0.27948202979828318 0.27948202979828318 7.0232558139534991 8.9767441860465222 0.7823834196891194 0.13907284768211894 0.27948202979828318 0.27948202979828318
azimuthal_26 azimuthal 7.0232558139535008 8.9767441860465222 0.78238341968911962 0.13907284768211886 0.27948202979828363 0.27948202979828363 7.0232558139534991 8.9767441860465222 0.7823834196891194 0.13907284768211894 0.27948202979828318 0.27948202979828318
azimuthal_27 azimuthal 7.0232558139535008 8.976744186046524 0.78238341968911951 0.0051508462104488525 0.73772673800755273 0.73772673800755273 7.0232558139534991 8.9767441860465222 0.7823834196891194 0.0051508462104488516 0.73772673800755273 0.73772673800755273
azimuthal_28 azimuthal 6.978494623655922 5.021505376344094 1.389721627408993 -0.14021571648690276 1.9621586491919727 1.25 6.978494623655922 5.021505376344094 1.389721627408993 -0.14021571648690273 1.9621586491919727 1.25
azimuthal_29 azimuthal 6.978494623655922 5.021505376344094 1.389721627408993 -0.14021571648690273 1.9621586491919727 1.25 6.978494623655922 5.021505376344094 1.389721627408993 -0.14021571648690273 1.9621586491919727 1.25
azimuthal_30 azimuthal 6.9784946236559211 5.021505376344094 1.3897216274089927 -0.14021571648690273 1.9621586491919727 1.25 6.978494623655922 5.021505376344094 1.389721627408993 -0.14021571648690273 1.9621586491919727 1.25
azimuthal_31 azimuthal 6.978494623655922 5.0215053763440949 1.3897216274089927 -0.0051931746847001022 1.3503243669097125 1.25 6.978494623655922 5.021505376344094 1.389721627408993 -0.0051931746847001014 1.3503243669097125 1.25
azimuthal_32 azimuthal 14.525773195876285 13.474226804123708 1.0780413159908186 -0.036195883605393941 1.2250697774037702 1.2250697774037702 14.525773195876285 13.474226804123708 1.0780413159908186 -0.036195883605393941 1.2250697774037702 1.2250697774037702
azimuthal_33 azimuthal 14.525773195876285 13.474226804123706 1.0780413159908189 -0.036195883605393941 1.2250697774037702 1.2250697774037702 14.525773195876285 13.474226804123708 1.0780413159908186 -0.036195883605393941 1.2250697774037702 1.2250697774037702
azimuthal_34 azimuthal 14.525773195876287 13.474226804123708 1.0780413159908189 -0.036195883605393935 1.2250697774037702 1.2250697774037702 14.525773195876285 13.474226804123708 1.0780413159908186 -0.036195883605393941 1.2250697774037702 1.2250697774037702
azimuthal_35 azimuthal 14.525773195876283 13.474226804123706 1.0780413159908186 -0.0013405882816812573 1.0806741807442859 1.0806741807442859 14.525773195876285 13.474226804123708 1.0780413159908186 -0.0013405882816812569 1.0806741807442859 1.0806741807442859
general3d_0 general3d 2.080147683788605 3.1113180123850293 0.66857443549913287 0.0071444541883181108 0.57984414171768828 0.57984414171768828 nan nan nan nan nan nan
general3d_1 general3d 6.9547084813668452 6.2235865479028982 1.1174759807446248 -0.033816149891097096 1.2535103938354348 1.25 nan nan nan nan nan nan
general3d_2 general3d 6.1423645840551755 2.4579853225105861 2.4989427429865061 0.037494342407388415 1.6429702427153074 1.25 nan nan nan nan nan nan
general3d_3 general3d 1.9077306125268594 3.0390777259147019 0.62773340617758322 0.029076763531271914 0.45298870239758449 0.45298870239758449 nan nan nan nan nan nan
general3d_4 general3d 8.4878579164657459 2.5662596988757516 3.3074820604415747 -0.0087591651357146715 2.1251832510466868 1.25 nan nan nan nan nan nan
general3d_5 general3d 5.8585301409743353 2.6732058114187831 2.1915746688673274 -0.0099936330229456506 1.8015918850254913 1.25 nan nan nan nan nan nan
